Hora      |1.Lunes   |2.Martes  |3.Miercole|4.Jueves  |5.Viernes |
6         |123321    |345543    |123321    |345543    |          |
7         |123321    |345543    |123321    |345543    |          |
8         |          |234432    |234432    |234432    |          |
9         |          |234432    |345543    |234432    |          |
10        |          |          |          |123321    |234432    |
11        |          |123321    |          |345543    |234432    |
12        |          |          |234432    |          |234432    |
13        |          |123321    |          |          |123321    |
14        |234432    |          |          |345543    |          |
15        |          |345543    |          |          |345543    |
16        |          |234432    |234432    |          |          |
17        |          |          |123321    |          |          |
18        |          |          |          |          |          |
