Hora      |1.Lunes   |2.Martes  |3.Miercole|4.Jueves  |5.Viernes |
6         |123321    |          |123321    |          |          |
7         |123321    |          |123321    |          |          |
8         |123321    |          |123321    |          |          |
9         |          |          |          |          |          |
10        |          |          |          |          |          |
11        |          |          |          |          |          |
12        |          |          |          |          |          |
13        |          |          |          |          |          |
14        |234432    |          |          |          |234432    |
15        |234432    |          |          |          |234432    |
16        |234432    |          |          |          |234432    |
17        |          |          |          |          |          |
18        |          |          |          |          |          |
