Hora      |1.Lunes   |2.Martes  |3.Miercole|4.Jueves  |5.Viernes |
6         |123321    |          |123321    |          |          |
7         |123321    |          |123321    |          |          |
8         |123321    |          |123321    |          |          |
9         |          |          |          |          |          |
10        |          |          |          |          |          |
11        |          |          |          |          |          |
12        |          |          |          |          |          |
13        |          |          |          |          |          |
14        |          |          |          |          |          |
15        |          |          |          |          |          |
16        |          |          |          |          |          |
17        |          |          |          |          |          |
18        |          |          |          |          |          |
